Step	E_el	E_frac	E_tot
0	0.000000e+00	2.278197e-23	2.278197e-23
1	1.598549e-08	1.339162e-09	1.732465e-08
2	6.393637e-08	1.348171e-09	6.528454e-08
3	1.438358e-07	1.372065e-09	1.452079e-07
4	2.556552e-07	1.424001e-09	2.570792e-07
5	3.993540e-07	1.522577e-09	4.008766e-07
6	5.748789e-07	1.692679e-09	5.765716e-07
7	7.821605e-07	1.968037e-09	7.841285e-07
8	1.021121e-06	2.383888e-09	1.023505e-06
9	1.291672e-06	2.980196e-09	1.294653e-06
10	1.593714e-06	3.803240e-09	1.597517e-06
11	1.927131e-06	4.905357e-09	1.932036e-06
12	2.291799e-06	6.344509e-09	2.298144e-06
13	2.687580e-06	8.184339e-09	2.695764e-06
14	3.114319e-06	1.049918e-08	3.124818e-06
15	3.571856e-06	1.336133e-08	3.585217e-06
16	4.060014e-06	1.685310e-08	4.076867e-06
17	4.578596e-06	2.107133e-08	4.599667e-06
18	5.127390e-06	2.611743e-08	5.153507e-06
19	5.706166e-06	3.210499e-08	5.738271e-06
20	6.314677e-06	3.915558e-08	6.353832e-06
21	6.952658e-06	4.739995e-08	7.000058e-06
22	7.619841e-06	5.696689e-08	7.676807e-06
23	8.315931e-06	6.800087e-08	8.383932e-06
24	9.040638e-06	8.063559e-08	9.121274e-06
25	9.793626e-06	9.504314e-08	9.888669e-06
26	1.057456e-05	1.113795e-07	1.068594e-05
27	1.138311e-05	1.298066e-07	1.151291e-05
28	1.221885e-05	1.505365e-07	1.236938e-05
29	1.308137e-05	1.737802e-07	1.325515e-05
30	1.397020e-05	1.997881e-07	1.416998e-05
31	1.488480e-05	2.288522e-07	1.511365e-05
32	1.582455e-05	2.613192e-07	1.608587e-05
33	1.678872e-05	2.976143e-07	1.708633e-05
34	1.777639e-05	3.382802e-07	1.811467e-05
35	1.878636e-05	3.840439e-07	1.917040e-05
36	1.981698e-05	4.359034e-07	2.025288e-05
37	2.086592e-05	4.952196e-07	2.136114e-05
38	2.192993e-05	5.636974e-07	2.249363e-05
39	2.300496e-05	6.430012e-07	2.364796e-05
40	2.408714e-05	7.338888e-07	2.482103e-05
41	2.517465e-05	8.360889e-07	2.601074e-05
42	2.626800e-05	9.492670e-07	2.721727e-05
43	2.736614e-05	1.073816e-06	2.843996e-05
44	2.846607e-05	1.210739e-06	2.967681e-05
45	2.956447e-05	1.361112e-06	3.092559e-05
46	3.065771e-05	1.526111e-06	3.218382e-05
47	3.174157e-05	1.707222e-06	3.344879e-05
48	3.281150e-05	1.905939e-06	3.471744e-05
49	3.386284e-05	2.123634e-06	3.598648e-05
50	3.488989e-05	2.362366e-06	3.725226e-05
51	3.588650e-05	2.624295e-06	3.851079e-05
52	3.684633e-05	2.911521e-06	3.975785e-05
53	3.776309e-05	3.226088e-06	4.098917e-05
54	3.862988e-05	3.570625e-06	4.220050e-05
55	3.943974e-05	3.947590e-06	4.338733e-05
56	4.018472e-05	4.359576e-06	4.454429e-05
57	4.085616e-05	4.809459e-06	4.566562e-05
58	4.144627e-05	5.299266e-06	4.674553e-05
59	4.194530e-05	5.832838e-06	4.777814e-05
60	4.234905e-05	6.411215e-06	4.876027e-05
61	4.265425e-05	7.034291e-06	4.968854e-05
62	4.285243e-05	7.704944e-06	5.055737e-05
63	4.293544e-05	8.424699e-06	5.136014e-05
64	4.289754e-05	9.195121e-06	5.209266e-05
65	4.272716e-05	1.002022e-05	5.274738e-05
66	4.242853e-05	1.089520e-05	5.332374e-05
67	4.200688e-05	1.181934e-05	5.382622e-05
68	4.145622e-05	1.279064e-05	5.424685e-05
69	4.075925e-05	1.381436e-05	5.457361e-05
70	3.991766e-05	1.488644e-05	5.480410e-05
71	3.892100e-05	1.601026e-05	5.493125e-05
72	3.777672e-05	1.718462e-05	5.496135e-05
73	3.649385e-05	1.840397e-05	5.489781e-05
74	3.506189e-05	1.966970e-05	5.473159e-05
75	3.349466e-05	2.097160e-05	5.446626e-05
76	3.178296e-05	2.231144e-05	5.409440e-05
77	2.988917e-05	2.370384e-05	5.359302e-05
78	2.781819e-05	2.513323e-05	5.295142e-05
79	2.554593e-05	2.660948e-05	5.215540e-05
80	2.304610e-05	2.812988e-05	5.117598e-05
81	2.028087e-05	2.969775e-05	4.997862e-05
82	1.719002e-05	3.131768e-05	4.850769e-05
83	1.367647e-05	3.299924e-05	4.667571e-05
84	9.593937e-06	3.473656e-05	4.433050e-05
85	5.157953e-06	3.629929e-05	4.145724e-05
86	1.805641e-06	3.718508e-05	3.899072e-05
87	4.709105e-07	3.752061e-05	3.799152e-05
88	2.141765e-07	3.761109e-05	3.782527e-05
89	1.204789e-07	3.764723e-05	3.776771e-05
90	6.431858e-08	3.766757e-05	3.773189e-05
91	4.993681e-08	3.767414e-05	3.772407e-05
92	4.563276e-08	3.767704e-05	3.772267e-05
93	4.348939e-08	3.767887e-05	3.772236e-05
94	4.322985e-08	3.767980e-05	3.772303e-05
95	4.364354e-08	3.768032e-05	3.772396e-05
96	4.421053e-08	3.768073e-05	3.772494e-05
97	4.481021e-08	3.768111e-05	3.772592e-05
98	4.541429e-08	3.768150e-05	3.772691e-05
99	4.602655e-08	3.768187e-05	3.772790e-05
100	4.666098e-08	3.768223e-05	3.772889e-05
101	4.730352e-08	3.768259e-05	3.772990e-05
102	4.795196e-08	3.768295e-05	3.773090e-05
103	4.859992e-08	3.768330e-05	3.773190e-05
104	4.926720e-08	3.768364e-05	3.773290e-05
105	4.995622e-08	3.768396e-05	3.773392e-05
106	5.065299e-08	3.768429e-05	3.773494e-05
107	5.135758e-08	3.768461e-05	3.773597e-05
108	5.206581e-08	3.768493e-05	3.773700e-05
109	5.277905e-08	3.768526e-05	3.773804e-05
110	5.349968e-08	3.768558e-05	3.773908e-05
111	5.422868e-08	3.768590e-05	3.774013e-05
112	5.496454e-08	3.768622e-05	3.774118e-05
113	5.570722e-08	3.768653e-05	3.774224e-05
114	5.645982e-08	3.768684e-05	3.774330e-05
115	5.721913e-08	3.768715e-05	3.774437e-05
116	5.798203e-08	3.768746e-05	3.774544e-05
117	5.875127e-08	3.768777e-05	3.774653e-05
118	5.952364e-08	3.768809e-05	3.774761e-05
119	6.029320e-08	3.768842e-05	3.774871e-05
120	6.105401e-08	3.768876e-05	3.774982e-05
121	6.179789e-08	3.768911e-05	3.775091e-05
122	6.254452e-08	3.768946e-05	3.775200e-05
123	6.332617e-08	3.768978e-05	3.775311e-05
124	6.412501e-08	3.769010e-05	3.775423e-05
125	6.492795e-08	3.769042e-05	3.775535e-05
126	6.573279e-08	3.769075e-05	3.775648e-05
127	6.653327e-08	3.769108e-05	3.775762e-05
128	6.731933e-08	3.769143e-05	3.775875e-05
129	6.810945e-08	3.769177e-05	3.775988e-05
130	6.891980e-08	3.769210e-05	3.776102e-05
131	6.974793e-08	3.769241e-05	3.776216e-05
132	7.059933e-08	3.769272e-05	3.776332e-05
133	7.146059e-08	3.769301e-05	3.776448e-05
134	7.232445e-08	3.769332e-05	3.776564e-05
135	7.318933e-08	3.769362e-05	3.776681e-05
136	7.405569e-08	3.769393e-05	3.776799e-05
137	7.492047e-08	3.769425e-05	3.776917e-05
138	7.577980e-08	3.769457e-05	3.777035e-05
139	7.664956e-08	3.769489e-05	3.777154e-05
140	7.752682e-08	3.769521e-05	3.777274e-05
141	7.840048e-08	3.769554e-05	3.777394e-05
142	7.926702e-08	3.769588e-05	3.777515e-05
143	8.012597e-08	3.769623e-05	3.777636e-05
144	8.099686e-08	3.769658e-05	3.777757e-05
145	8.186931e-08	3.769692e-05	3.777879e-05
146	8.274953e-08	3.769726e-05	3.778001e-05
147	8.364474e-08	3.769759e-05	3.778124e-05
148	8.452356e-08	3.769794e-05	3.778246e-05
149	8.539360e-08	3.769827e-05	3.778366e-05
150	8.630565e-08	3.769857e-05	3.778488e-05
151	8.725424e-08	3.769887e-05	3.778613e-05
152	8.820188e-08	3.769918e-05	3.778738e-05
153	8.914560e-08	3.769951e-05	3.778865e-05
154	9.008229e-08	3.769985e-05	3.778993e-05
155	9.100195e-08	3.770022e-05	3.779122e-05
156	9.188602e-08	3.770062e-05	3.779251e-05
157	9.268395e-08	3.770108e-05	3.779377e-05
158	9.333084e-08	3.770154e-05	3.779487e-05
159	9.404008e-08	3.770196e-05	3.779600e-05
160	9.481055e-08	3.770235e-05	3.779716e-05
161	9.567147e-08	3.770275e-05	3.779843e-05
162	9.647359e-08	3.770317e-05	3.779965e-05
163	9.721711e-08	3.770358e-05	3.780079e-05
164	9.799515e-08	3.770396e-05	3.780196e-05
165	9.872468e-08	3.770432e-05	3.780305e-05
166	9.959745e-08	3.770465e-05	3.780425e-05
167	1.004552e-07	3.770497e-05	3.780542e-05
168	1.014244e-07	3.770527e-05	3.780670e-05
169	1.024157e-07	3.770557e-05	3.780799e-05
170	1.034202e-07	3.770587e-05	3.780929e-05
171	1.044163e-07	3.770618e-05	3.781059e-05
172	1.054289e-07	3.770647e-05	3.781190e-05
173	1.064543e-07	3.770677e-05	3.781322e-05
174	1.074906e-07	3.770706e-05	3.781455e-05
175	1.085305e-07	3.770735e-05	3.781588e-05
176	1.095728e-07	3.770764e-05	3.781722e-05
177	1.106166e-07	3.770794e-05	3.781856e-05
178	1.116632e-07	3.770824e-05	3.781990e-05
179	1.127178e-07	3.770853e-05	3.782125e-05
180	1.137855e-07	3.770881e-05	3.782260e-05
181	1.148665e-07	3.770910e-05	3.782397e-05
182	1.159478e-07	3.770939e-05	3.782534e-05
183	1.170262e-07	3.770969e-05	3.782672e-05
184	1.180971e-07	3.771001e-05	3.782811e-05
185	1.191360e-07	3.771035e-05	3.782949e-05
186	1.200693e-07	3.771070e-05	3.783077e-05
187	1.210633e-07	3.771102e-05	3.783208e-05
188	1.221525e-07	3.771134e-05	3.783349e-05
189	1.232163e-07	3.771169e-05	3.783491e-05
190	1.242005e-07	3.771208e-05	3.783628e-05
191	1.250515e-07	3.771246e-05	3.783751e-05
192	1.260697e-07	3.771282e-05	3.783889e-05
193	1.271465e-07	3.771314e-05	3.784029e-05
194	1.282545e-07	3.771346e-05	3.784171e-05
195	1.293747e-07	3.771377e-05	3.784314e-05
196	1.304903e-07	3.771410e-05	3.784459e-05
197	1.315794e-07	3.771445e-05	3.784603e-05
198	1.325892e-07	3.771482e-05	3.784741e-05
199	1.335540e-07	3.771516e-05	3.784871e-05
200	1.346683e-07	3.771548e-05	3.785015e-05
201	1.357649e-07	3.771581e-05	3.785158e-05
202	1.368836e-07	3.771612e-05	3.785300e-05
203	1.380505e-07	3.771641e-05	3.785446e-05
204	1.392248e-07	3.771671e-05	3.785593e-05
205	1.403955e-07	3.771702e-05	3.785742e-05
206	1.415466e-07	3.771736e-05	3.785891e-05
207	1.426602e-07	3.771773e-05	3.786039e-05
208	1.437409e-07	3.771813e-05	3.786187e-05
209	1.448185e-07	3.771852e-05	3.786334e-05
210	1.459060e-07	3.771892e-05	3.786482e-05
211	1.469683e-07	3.771933e-05	3.786630e-05
212	1.479724e-07	3.771974e-05	3.786772e-05
213	1.490413e-07	3.772011e-05	3.786915e-05
214	1.501932e-07	3.772043e-05	3.787062e-05
215	1.513957e-07	3.772073e-05	3.787213e-05
216	1.526024e-07	3.772104e-05	3.787364e-05
217	1.538007e-07	3.772136e-05	3.787516e-05
218	1.549615e-07	3.772168e-05	3.787664e-05
219	1.561186e-07	3.772198e-05	3.787810e-05
220	1.573633e-07	3.772226e-05	3.787963e-05
221	1.586029e-07	3.772256e-05	3.788116e-05
222	1.598270e-07	3.772287e-05	3.788270e-05
223	1.610484e-07	3.772319e-05	3.788423e-05
224	1.622878e-07	3.772349e-05	3.788578e-05
225	1.635368e-07	3.772381e-05	3.788734e-05
226	1.647493e-07	3.772415e-05	3.788890e-05
227	1.658880e-07	3.772449e-05	3.789038e-05
228	1.670949e-07	3.772479e-05	3.789189e-05
229	1.683792e-07	3.772508e-05	3.789346e-05
230	1.696623e-07	3.772538e-05	3.789504e-05
231	1.709259e-07	3.772569e-05	3.789661e-05
232	1.721510e-07	3.772601e-05	3.789816e-05
233	1.733872e-07	3.772630e-05	3.789969e-05
234	1.746772e-07	3.772660e-05	3.790128e-05
235	1.759617e-07	3.772690e-05	3.790286e-05
236	1.772490e-07	3.772720e-05	3.790445e-05
237	1.785033e-07	3.772752e-05	3.790602e-05
238	1.797668e-07	3.772782e-05	3.790758e-05
239	1.810626e-07	3.772810e-05	3.790916e-05
240	1.824031e-07	3.772836e-05	3.791076e-05
241	1.837520e-07	3.772862e-05	3.791237e-05
242	1.851116e-07	3.772888e-05	3.791399e-05
243	1.864734e-07	3.772915e-05	3.791563e-05
244	1.878222e-07	3.772944e-05	3.791726e-05
245	1.891516e-07	3.772974e-05	3.791889e-05
246	1.904878e-07	3.773003e-05	3.792052e-05
247	1.918316e-07	3.773033e-05	3.792216e-05
248	1.931333e-07	3.773062e-05	3.792375e-05
249	1.944617e-07	3.773090e-05	3.792537e-05
250	1.958306e-07	3.773119e-05	3.792702e-05
251	1.972053e-07	3.773149e-05	3.792869e-05
252	1.985461e-07	3.773182e-05	3.793037e-05
253	1.998036e-07	3.773218e-05	3.793199e-05
254	2.010769e-07	3.773257e-05	3.793364e-05
255	2.022271e-07	3.773295e-05	3.793518e-05
256	2.034807e-07	3.773327e-05	3.793676e-05
257	2.048772e-07	3.773358e-05	3.793846e-05
258	2.062759e-07	3.773389e-05	3.794017e-05
259	2.076445e-07	3.773423e-05	3.794187e-05
260	2.090012e-07	3.773457e-05	3.794357e-05
261	2.103619e-07	3.773493e-05	3.794529e-05
262	2.116440e-07	3.773532e-05	3.794696e-05
263	2.128812e-07	3.773568e-05	3.794857e-05
264	2.142280e-07	3.773603e-05	3.795026e-05
265	2.155875e-07	3.773638e-05	3.795197e-05
266	2.169382e-07	3.773675e-05	3.795369e-05
267	2.182212e-07	3.773712e-05	3.795534e-05
268	2.195853e-07	3.773746e-05	3.795704e-05
269	2.209749e-07	3.773780e-05	3.795877e-05
270	2.223572e-07	3.773813e-05	3.796049e-05
271	2.237478e-07	3.773845e-05	3.796220e-05
272	2.251736e-07	3.773875e-05	3.796393e-05
273	2.266161e-07	3.773905e-05	3.796567e-05
274	2.280691e-07	3.773935e-05	3.796742e-05
275	2.295243e-07	3.773966e-05	3.796919e-05
276	2.309593e-07	3.774000e-05	3.797096e-05
277	2.323358e-07	3.774036e-05	3.797270e-05
278	2.336670e-07	3.774071e-05	3.797438e-05
279	2.350438e-07	3.774107e-05	3.797611e-05
280	2.363629e-07	3.774139e-05	3.797776e-05
281	2.378161e-07	3.774167e-05	3.797949e-05
282	2.393102e-07	3.774194e-05	3.798125e-05
283	2.408164e-07	3.774221e-05	3.798302e-05
284	2.423361e-07	3.774247e-05	3.798481e-05
285	2.438529e-07	3.774276e-05	3.798661e-05
286	2.453513e-07	3.774307e-05	3.798842e-05
287	2.467719e-07	3.774344e-05	3.799021e-05
288	2.480248e-07	3.774384e-05	3.799186e-05
289	2.491299e-07	3.774416e-05	3.799329e-05
290	2.504831e-07	3.774442e-05	3.799490e-05
291	2.520387e-07	3.774466e-05	3.799670e-05
292	2.535879e-07	3.774491e-05	3.799850e-05
293	2.550499e-07	3.774517e-05	3.800022e-05
294	2.565341e-07	3.774541e-05	3.800195e-05
295	2.581017e-07	3.774566e-05	3.800376e-05
296	2.596718e-07	3.774590e-05	3.800557e-05
297	2.612621e-07	3.774614e-05	3.800740e-05
298	2.628557e-07	3.774638e-05	3.800924e-05
299	2.643932e-07	3.774666e-05	3.801106e-05
300	2.658277e-07	3.774694e-05	3.801276e-05
301	2.673779e-07	3.774719e-05	3.801457e-05
302	2.689689e-07	3.774744e-05	3.801641e-05
303	2.705639e-07	3.774769e-05	3.801826e-05
304	2.721533e-07	3.774795e-05	3.802010e-05
305	2.737700e-07	3.774820e-05	3.802197e-05
306	2.753720e-07	3.774846e-05	3.802384e-05
307	2.769617e-07	3.774872e-05	3.802568e-05
308	2.785964e-07	3.774895e-05	3.802755e-05
309	2.802578e-07	3.774917e-05	3.802943e-05
310	2.819337e-07	3.774937e-05	3.803131e-05
311	2.836292e-07	3.774958e-05	3.803320e-05
312	2.853315e-07	3.774978e-05	3.803511e-05
313	2.870317e-07	3.775000e-05	3.803703e-05
314	2.887150e-07	3.775024e-05	3.803896e-05
315	2.903647e-07	3.775052e-05	3.804088e-05
316	2.919674e-07	3.775083e-05	3.804279e-05
317	2.935315e-07	3.775114e-05	3.804467e-05
318	2.951115e-07	3.775144e-05	3.804656e-05
319	2.967332e-07	3.775176e-05	3.804849e-05
320	2.982847e-07	3.775210e-05	3.805038e-05
321	2.998102e-07	3.775241e-05	3.805222e-05
322	3.014548e-07	3.775266e-05	3.805412e-05
323	3.031822e-07	3.775289e-05	3.805607e-05
324	3.049263e-07	3.775310e-05	3.805803e-05
325	3.066653e-07	3.775334e-05	3.806000e-05
326	3.083909e-07	3.775359e-05	3.806198e-05
327	3.100828e-07	3.775389e-05	3.806397e-05
328	3.116774e-07	3.775423e-05	3.806590e-05
329	3.131952e-07	3.775457e-05	3.806777e-05
330	3.146742e-07	3.775488e-05	3.806955e-05
331	3.163365e-07	3.775514e-05	3.807147e-05
332	3.180827e-07	3.775538e-05	3.807347e-05
333	3.198253e-07	3.775564e-05	3.807546e-05
334	3.215641e-07	3.775590e-05	3.807747e-05
335	3.232575e-07	3.775620e-05	3.807946e-05
336	3.248804e-07	3.775649e-05	3.808137e-05
337	3.265701e-07	3.775678e-05	3.808335e-05
338	3.281864e-07	3.775708e-05	3.808527e-05
339	3.298688e-07	3.775738e-05	3.808725e-05
340	3.315585e-07	3.775771e-05	3.808927e-05
341	3.332022e-07	3.775809e-05	3.809129e-05
342	3.347603e-07	3.775849e-05	3.809325e-05
343	3.363114e-07	3.775885e-05	3.809516e-05
344	3.379821e-07	3.775916e-05	3.809715e-05
345	3.397151e-07	3.775946e-05	3.809918e-05
346	3.414744e-07	3.775975e-05	3.810122e-05
347	3.432344e-07	3.776006e-05	3.810329e-05
348	3.449399e-07	3.776042e-05	3.810536e-05
349	3.464991e-07	3.776082e-05	3.810732e-05
350	3.479426e-07	3.776117e-05	3.810911e-05
351	3.496740e-07	3.776150e-05	3.811117e-05
352	3.514032e-07	3.776186e-05	3.811326e-05
353	3.530479e-07	3.776225e-05	3.811530e-05
354	3.546563e-07	3.776262e-05	3.811728e-05
355	3.563569e-07	3.776298e-05	3.811933e-05
356	3.581074e-07	3.776333e-05	3.812144e-05
357	3.597879e-07	3.776374e-05	3.812353e-05
358	3.613214e-07	3.776421e-05	3.812553e-05
359	3.625973e-07	3.776473e-05	3.812733e-05
360	3.625777e-07	3.776524e-05	3.812782e-05
361	3.632998e-07	3.776575e-05	3.812905e-05
362	3.638575e-07	3.776623e-05	3.813009e-05
363	3.646165e-07	3.776673e-05	3.813135e-05
364	3.653985e-07	3.776725e-05	3.813265e-05
365	3.659626e-07	3.776769e-05	3.813365e-05
366	3.669728e-07	3.776806e-05	3.813504e-05
367	3.686184e-07	3.776846e-05	3.813707e-05
368	3.699949e-07	3.776884e-05	3.813883e-05
369	3.711696e-07	3.776916e-05	3.814033e-05
370	3.728078e-07	3.776948e-05	3.814229e-05
371	3.744277e-07	3.776977e-05	3.814420e-05
372	3.762211e-07	3.777005e-05	3.814627e-05
373	3.779906e-07	3.777035e-05	3.814834e-05
374	3.797410e-07	3.777068e-05	3.815042e-05
375	3.812777e-07	3.777105e-05	3.815233e-05
376	3.821266e-07	3.777138e-05	3.815350e-05
377	3.838483e-07	3.777171e-05	3.815556e-05
378	3.854991e-07	3.777212e-05	3.815762e-05
379	3.866382e-07	3.777254e-05	3.815918e-05
380	3.876840e-07	3.777296e-05	3.816064e-05
381	3.883644e-07	3.777337e-05	3.816173e-05
382	3.893040e-07	3.777376e-05	3.816306e-05
383	3.904061e-07	3.777412e-05	3.816452e-05
384	3.921171e-07	3.777450e-05	3.816662e-05
385	3.936671e-07	3.777490e-05	3.816857e-05
386	3.951585e-07	3.777526e-05	3.817042e-05
387	3.967649e-07	3.777562e-05	3.817238e-05
388	3.982736e-07	3.777596e-05	3.817424e-05
389	3.999860e-07	3.777628e-05	3.817627e-05
390	4.017609e-07	3.777659e-05	3.817835e-05
391	4.035268e-07	3.777692e-05	3.818045e-05
392	4.051150e-07	3.777725e-05	3.818237e-05
393	4.068255e-07	3.777754e-05	3.818436e-05
394	4.086454e-07	3.777782e-05	3.818646e-05
395	4.104790e-07	3.777810e-05	3.818858e-05
396	4.122979e-07	3.777840e-05	3.819070e-05
397	4.140439e-07	3.777872e-05	3.819277e-05
398	4.156933e-07	3.777905e-05	3.819475e-05
399	4.173144e-07	3.777937e-05	3.819668e-05
400	4.190744e-07	3.777962e-05	3.819869e-05
