Step	E_el	E_frac	E_tot
0	0.000000e+00	2.278197e-23	2.278197e-23
1	3.129932e-11	2.943843e-18	3.129932e-11
2	1.251972e-10	4.708698e-17	1.251973e-10
3	2.816939e-10	2.387945e-16	2.816941e-10
4	5.007896e-10	7.573880e-16	5.007903e-10
5	7.824848e-10	1.859298e-15	7.824867e-10
6	1.126780e-09	3.884173e-15	1.126784e-09
7	1.533677e-09	7.261457e-15	1.533685e-09
8	2.003177e-09	1.251551e-14	2.003189e-09
9	2.535280e-09	2.026804e-14	2.535301e-09
10	3.129990e-09	3.123764e-14	3.130021e-09
11	3.787307e-09	4.623739e-14	3.787353e-09
12	4.507234e-09	6.617150e-14	4.507300e-09
13	5.289774e-09	9.203205e-14	5.289866e-09
14	6.134929e-09	1.248965e-13	6.135054e-09
15	7.042703e-09	1.659258e-13	7.042869e-09
16	8.013098e-09	2.163638e-13	8.013314e-09
17	9.046118e-09	2.775364e-13	9.046395e-09
18	1.014177e-08	3.508521e-13	1.014212e-08
19	1.130005e-08	4.378019e-13	1.130049e-08
20	1.252097e-08	5.399600e-13	1.252151e-08
21	1.380452e-08	6.589839e-13	1.380518e-08
22	1.515073e-08	7.966149e-13	1.515153e-08
23	1.655958e-08	9.546790e-13	1.656054e-08
24	1.803110e-08	1.135086e-12	1.803223e-08
25	1.956527e-08	1.339833e-12	1.956661e-08
26	2.116211e-08	1.570998e-12	2.116368e-08
27	2.282162e-08	1.830750e-12	2.282345e-08
28	2.454381e-08	2.121339e-12	2.454593e-08
29	2.632868e-08	2.445104e-12	2.633112e-08
30	2.817624e-08	2.804469e-12	2.817905e-08
31	3.008651e-08	3.201945e-12	3.008971e-08
32	3.205947e-08	3.640131e-12	3.206311e-08
33	3.409515e-08	4.121709e-12	3.409927e-08
34	3.619355e-08	4.649454e-12	3.619820e-08
35	3.835468e-08	5.226222e-12	3.835990e-08
36	4.057854e-08	5.854962e-12	4.058439e-08
37	4.286514e-08	6.538707e-12	4.287168e-08
38	4.521450e-08	7.280581e-12	4.522178e-08
39	4.762662e-08	8.083794e-12	4.763470e-08
40	5.010150e-08	8.951645e-12	5.011046e-08
41	5.263917e-08	9.887523e-12	5.264906e-08
42	5.523962e-08	1.089490e-11	5.525052e-08
43	5.790287e-08	1.197736e-11	5.791485e-08
44	6.062893e-08	1.313853e-11	6.064207e-08
45	6.341781e-08	1.438218e-11	6.343219e-08
46	6.626951e-08	1.571213e-11	6.628522e-08
47	6.918406e-08	1.713232e-11	6.920119e-08
48	7.216145e-08	1.864676e-11	7.218009e-08
49	7.520170e-08	2.025955e-11	7.522196e-08
50	7.830483e-08	2.197490e-11	7.832680e-08
51	8.147084e-08	2.379709e-11	8.149463e-08
52	8.469974e-08	2.573051e-11	8.472547e-08
53	8.799155e-08	2.777963e-11	8.801933e-08
54	9.134629e-08	2.994901e-11	9.137624e-08
55	9.476395e-08	3.224333e-11	9.479619e-08
56	9.824456e-08	3.466732e-11	9.827923e-08
57	1.017881e-07	3.722583e-11	1.018254e-07
58	1.053947e-07	3.992381e-11	1.054346e-07
59	1.090642e-07	4.276628e-11	1.091070e-07
60	1.127967e-07	4.575838e-11	1.128425e-07
61	1.165923e-07	4.890532e-11	1.166412e-07
62	1.204508e-07	5.221243e-11	1.205031e-07
63	1.243725e-07	5.568513e-11	1.244281e-07
64	1.283571e-07	5.932891e-11	1.284165e-07
65	1.324049e-07	6.314939e-11	1.324680e-07
66	1.365157e-07	6.715227e-11	1.365828e-07
67	1.406896e-07	7.134335e-11	1.407610e-07
68	1.449267e-07	7.572853e-11	1.450024e-07
69	1.492269e-07	8.031381e-11	1.493072e-07
70	1.535902e-07	8.510528e-11	1.536753e-07
71	1.580167e-07	9.010914e-11	1.581068e-07
72	1.625064e-07	9.533168e-11	1.626018e-07
73	1.670593e-07	1.007793e-10	1.671601e-07
74	1.716755e-07	1.064585e-10	1.717819e-07
75	1.763548e-07	1.123758e-10	1.764672e-07
76	1.810975e-07	1.185381e-10	1.812160e-07
77	1.859034e-07	1.249519e-10	1.860283e-07
78	1.907725e-07	1.316244e-10	1.909042e-07
79	1.957051e-07	1.385624e-10	1.958436e-07
80	2.007009e-07	1.457731e-10	2.008467e-07
81	2.057601e-07	1.532637e-10	2.059133e-07
82	2.108826e-07	1.610415e-10	2.110437e-07
83	2.160686e-07	1.691139e-10	2.162377e-07
84	2.213180e-07	1.774885e-10	2.214954e-07
85	2.266307e-07	1.861729e-10	2.268169e-07
86	2.320070e-07	1.951748e-10	2.322022e-07
87	2.374467e-07	2.045022e-10	2.376512e-07
88	2.429499e-07	2.141628e-10	2.431641e-07
89	2.485167e-07	2.241649e-10	2.487408e-07
90	2.541469e-07	2.345288e-10	2.543814e-07
91	2.598408e-07	2.452391e-10	2.600861e-07
92	2.655983e-07	2.563155e-10	2.658546e-07
93	2.714193e-07	2.677668e-10	2.716870e-07
94	2.773039e-07	2.796014e-10	2.775835e-07
95	2.832522e-07	2.918282e-10	2.835441e-07
96	2.892642e-07	3.044560e-10	2.895687e-07
97	2.953399e-07	3.174938e-10	2.956574e-07
98	3.014792e-07	3.309766e-10	3.018102e-07
99	3.076826e-07	3.448633e-10	3.080275e-07
100	3.139495e-07	3.591870e-10	3.143087e-07
101	3.202803e-07	3.739578e-10	3.206542e-07
102	3.266748e-07	3.891852e-10	3.270640e-07
103	3.331333e-07	4.048787e-10	3.335381e-07
104	3.396556e-07	4.210483e-10	3.400766e-07
105	3.462417e-07	4.377037e-10	3.466794e-07
106	3.528919e-07	4.548551e-10	3.533467e-07
107	3.596059e-07	4.725126e-10	3.600785e-07
108	3.663840e-07	4.906864e-10	3.668747e-07
109	3.732261e-07	5.093870e-10	3.737355e-07
110	3.801322e-07	5.286248e-10	3.806608e-07
111	3.871024e-07	5.484105e-10	3.876508e-07
112	3.941366e-07	5.687549e-10	3.947054e-07
113	4.012350e-07	5.896688e-10	4.018247e-07
114	4.083976e-07	6.111633e-10	4.090088e-07
115	4.156243e-07	6.332496e-10	4.162576e-07
116	4.229153e-07	6.559389e-10	4.235712e-07
117	4.302705e-07	6.792426e-10	4.309497e-07
118	4.376899e-07	7.031724e-10	4.383931e-07
119	4.451737e-07	7.277398e-10	4.459014e-07
120	4.527218e-07	7.529566e-10	4.534748e-07
121	4.603343e-07	7.788349e-10	4.611131e-07
122	4.680111e-07	8.053867e-10	4.688165e-07
123	4.757524e-07	8.326242e-10	4.765851e-07
124	4.835582e-07	8.605598e-10	4.844188e-07
125	4.914284e-07	8.892060e-10	4.923177e-07
126	4.993632e-07	9.185754e-10	5.002818e-07
127	5.073626e-07	9.486808e-10	5.083113e-07
128	5.154265e-07	9.795352e-10	5.164060e-07
129	5.235551e-07	1.011151e-09	5.245662e-07
130	5.317483e-07	1.043543e-09	5.327919e-07
131	5.400062e-07	1.076723e-09	5.410830e-07
132	5.483289e-07	1.110705e-09	5.494396e-07
133	5.567164e-07	1.145503e-09	5.578619e-07
134	5.651686e-07	1.181130e-09	5.663497e-07
135	5.736857e-07	1.217601e-09	5.749033e-07
136	5.822676e-07	1.254930e-09	5.835226e-07
137	5.909145e-07	1.293130e-09	5.922076e-07
138	5.996263e-07	1.332216e-09	6.009586e-07
139	6.084029e-07	1.372243e-09	6.097752e-07
140	6.172452e-07	1.413149e-09	6.186583e-07
141	6.261521e-07	1.454983e-09	6.276071e-07
142	6.351242e-07	1.497763e-09	6.366219e-07
143	6.441613e-07	1.541504e-09	6.457028e-07
144	6.532637e-07	1.586220e-09	6.548499e-07
145	6.624312e-07	1.631928e-09	6.640632e-07
146	6.716641e-07	1.678644e-09	6.733427e-07
147	6.809622e-07	1.726383e-09	6.826886e-07
148	6.903257e-07	1.775161e-09	6.921009e-07
149	6.997546e-07	1.824994e-09	7.015796e-07
150	7.092489e-07	1.875899e-09	7.111248e-07
151	7.188087e-07	1.927892e-09	7.207366e-07
152	7.284340e-07	1.980991e-09	7.304150e-07
153	7.381248e-07	2.035211e-09	7.401600e-07
154	7.478809e-07	2.090619e-09	7.499715e-07
155	7.577038e-07	2.147139e-09	7.598509e-07
156	7.675916e-07	2.204830e-09	7.697964e-07
157	7.775451e-07	2.263713e-09	7.798088e-07
158	7.875644e-07	2.323804e-09	7.898882e-07
159	7.976495e-07	2.385123e-09	8.000347e-07
160	8.077999e-07	2.447747e-09	8.102476e-07
161	8.180181e-07	2.511581e-09	8.205297e-07
162	8.283010e-07	2.576693e-09	8.308777e-07
163	8.386500e-07	2.643106e-09	8.412931e-07
164	8.490643e-07	2.710923e-09	8.517752e-07
165	8.595466e-07	2.780003e-09	8.623266e-07
166	8.700939e-07	2.850437e-09	8.729443e-07
167	8.807074e-07	2.922249e-09	8.836296e-07
168	8.913871e-07	2.995459e-09	8.943825e-07
169	9.021331e-07	3.070087e-09	9.052032e-07
170	9.129455e-07	3.146153e-09	9.160916e-07
171	9.238243e-07	3.223678e-09	9.270479e-07
172	9.347695e-07	3.302683e-09	9.380722e-07
173	9.457813e-07	3.383187e-09	9.491644e-07
174	9.568596e-07	3.465212e-09	9.603248e-07
175	9.680045e-07	3.548780e-09	9.715533e-07
176	9.792161e-07	3.633912e-09	9.828500e-07
177	9.904944e-07	3.720629e-09	9.942150e-07
178	1.001839e-06	3.808954e-09	1.005648e-06
179	1.013251e-06	3.898908e-09	1.017150e-06
180	1.024730e-06	3.990515e-09	1.028721e-06
181	1.036276e-06	4.083796e-09	1.040360e-06
182	1.047889e-06	4.178775e-09	1.052068e-06
183	1.059569e-06	4.275474e-09	1.063844e-06
184	1.071315e-06	4.373918e-09	1.075689e-06
185	1.083116e-06	4.477393e-09	1.087594e-06
186	1.095024e-06	4.579711e-09	1.099603e-06
187	1.106974e-06	4.683628e-09	1.111657e-06
188	1.118990e-06	4.789372e-09	1.123779e-06
189	1.131074e-06	4.896982e-09	1.135971e-06
190	1.143225e-06	5.006483e-09	1.148231e-06
191	1.155443e-06	5.117900e-09	1.160561e-06
192	1.167730e-06	5.231258e-09	1.172961e-06
193	1.180084e-06	5.346584e-09	1.185430e-06
194	1.192504e-06	5.464097e-09	1.197968e-06
195	1.204995e-06	5.583640e-09	1.210578e-06
196	1.217555e-06	5.705051e-09	1.223260e-06
197	1.230180e-06	5.828519e-09	1.236008e-06
198	1.242871e-06	5.954512e-09	1.248825e-06
199	1.255637e-06	6.082253e-09	1.261719e-06
200	1.268466e-06	6.212116e-09	1.274679e-06
201	1.281364e-06	6.344159e-09	1.287708e-06
202	1.294329e-06	6.478676e-09	1.300807e-06
203	1.307365e-06	6.615201e-09	1.313981e-06
204	1.320467e-06	6.754202e-09	1.327221e-06
205	1.333641e-06	6.895298e-09	1.340536e-06
206	1.346879e-06	7.038951e-09	1.353918e-06
207	1.360190e-06	7.184739e-09	1.367375e-06
208	1.373566e-06	7.333149e-09	1.380899e-06
209	1.387013e-06	7.484016e-09	1.394497e-06
210	1.400530e-06	7.637076e-09	1.408168e-06
211	1.414114e-06	7.792591e-09	1.421907e-06
212	1.427767e-06	7.950616e-09	1.435717e-06
213	1.441488e-06	8.111184e-09	1.449599e-06
214	1.455279e-06	8.274328e-09	1.463553e-06
215	1.469138e-06	8.440080e-09	1.477578e-06
216	1.483067e-06	8.608474e-09	1.491676e-06
217	1.497066e-06	8.779542e-09	1.505845e-06
218	1.511133e-06	8.953317e-09	1.520087e-06
219	1.525271e-06	9.129835e-09	1.534401e-06
220	1.539478e-06	9.309129e-09	1.548787e-06
221	1.553754e-06	9.491234e-09	1.563245e-06
222	1.568100e-06	9.676185e-09	1.577777e-06
223	1.582516e-06	9.864017e-09	1.592380e-06
224	1.597002e-06	1.005477e-08	1.607057e-06
225	1.611558e-06	1.024847e-08	1.621807e-06
226	1.626185e-06	1.044516e-08	1.636630e-06
227	1.640881e-06	1.064488e-08	1.651526e-06
228	1.655647e-06	1.084767e-08	1.666495e-06
229	1.670484e-06	1.105356e-08	1.681538e-06
230	1.685391e-06	1.126259e-08	1.696654e-06
231	1.700369e-06	1.147480e-08	1.711844e-06
232	1.715417e-06	1.169023e-08	1.727108e-06
233	1.730537e-06	1.190892e-08	1.742445e-06
234	1.745726e-06	1.213091e-08	1.757857e-06
235	1.760987e-06	1.235623e-08	1.773343e-06
236	1.776315e-06	1.258527e-08	1.788901e-06
237	1.791725e-06	1.281746e-08	1.804542e-06
238	1.807196e-06	1.305337e-08	1.820250e-06
239	1.822744e-06	1.329309e-08	1.836037e-06
240	1.838359e-06	1.353723e-08	1.851896e-06
241	1.854060e-06	1.378371e-08	1.867844e-06
242	1.869821e-06	1.403367e-08	1.883855e-06
243	1.885653e-06	1.428729e-08	1.899940e-06
244	1.901556e-06	1.454464e-08	1.916100e-06
245	1.917531e-06	1.480576e-08	1.932337e-06
246	1.933561e-06	1.507462e-08	1.948635e-06
247	1.949713e-06	1.534403e-08	1.965057e-06
248	1.965907e-06	1.561690e-08	1.981524e-06
249	1.982171e-06	1.589368e-08	1.998064e-06
250	1.998504e-06	1.617508e-08	2.014679e-06
251	2.014918e-06	1.646002e-08	2.031378e-06
252	2.031400e-06	1.674899e-08	2.048149e-06
253	2.047954e-06	1.704211e-08	2.064996e-06
254	2.064581e-06	1.733944e-08	2.081920e-06
255	2.081281e-06	1.764104e-08	2.098922e-06
256	2.098053e-06	1.794694e-08	2.116000e-06
257	2.114899e-06	1.825722e-08	2.133157e-06
258	2.131819e-06	1.857191e-08	2.150390e-06
259	2.148811e-06	1.889107e-08	2.167702e-06
260	2.165877e-06	1.921477e-08	2.185092e-06
261	2.183017e-06	1.954304e-08	2.202560e-06
262	2.200148e-06	1.989542e-08	2.220044e-06
263	2.217590e-06	2.023696e-08	2.237827e-06
264	2.234964e-06	2.058148e-08	2.255545e-06
265	2.252418e-06	2.092939e-08	2.273348e-06
266	2.269923e-06	2.128350e-08	2.291207e-06
267	2.287525e-06	2.164124e-08	2.309166e-06
268	2.305187e-06	2.200376e-08	2.327191e-06
269	2.322918e-06	2.237215e-08	2.345290e-06
270	2.340731e-06	2.274580e-08	2.363477e-06
271	2.358626e-06	2.312384e-08	2.381750e-06
272	2.376583e-06	2.350789e-08	2.400091e-06
273	2.394617e-06	2.389830e-08	2.418515e-06
274	2.412747e-06	2.429251e-08	2.437039e-06
275	2.430935e-06	2.469189e-08	2.455627e-06
276	2.449197e-06	2.509673e-08	2.474294e-06
277	2.467535e-06	2.550715e-08	2.493042e-06
278	2.485948e-06	2.592322e-08	2.511872e-06
279	2.504438e-06	2.634501e-08	2.530783e-06
280	2.523004e-06	2.677260e-08	2.549777e-06
281	2.541646e-06	2.720604e-08	2.568852e-06
282	2.560365e-06	2.764542e-08	2.588010e-06
283	2.579160e-06	2.809081e-08	2.607251e-06
284	2.598032e-06	2.854228e-08	2.626575e-06
285	2.616981e-06	2.899991e-08	2.645981e-06
286	2.636008e-06	2.946378e-08	2.665471e-06
287	2.655111e-06	2.993396e-08	2.685045e-06
288	2.674292e-06	3.041054e-08	2.704702e-06
289	2.693550e-06	3.089359e-08	2.724444e-06
290	2.712887e-06	3.138319e-08	2.744270e-06
291	2.732301e-06	3.187943e-08	2.764180e-06
292	2.751793e-06	3.238240e-08	2.784175e-06
293	2.771363e-06	3.289216e-08	2.804256e-06
294	2.791012e-06	3.340882e-08	2.824421e-06
295	2.810740e-06	3.393246e-08	2.844672e-06
296	2.830546e-06	3.446317e-08	2.865009e-06
297	2.850432e-06	3.500103e-08	2.885433e-06
298	2.870396e-06	3.554614e-08	2.905942e-06
299	2.890440e-06	3.609860e-08	2.926538e-06
300	2.910563e-06	3.665848e-08	2.947221e-06
301	2.930766e-06	3.722590e-08	2.967992e-06
302	2.951049e-06	3.780094e-08	2.988850e-06
303	2.971412e-06	3.838371e-08	3.009795e-06
304	2.991855e-06	3.897430e-08	3.030829e-06
305	3.012379e-06	3.957282e-08	3.051951e-06
306	3.032983e-06	4.017937e-08	3.073162e-06
307	3.053668e-06	4.079405e-08	3.094462e-06
308	3.074434e-06	4.141697e-08	3.115851e-06
309	3.095282e-06	4.204824e-08	3.137330e-06
310	3.116211e-06	4.268796e-08	3.158899e-06
311	3.137146e-06	4.335508e-08	3.180501e-06
312	3.158380e-06	4.401667e-08	3.202397e-06
313	3.179575e-06	4.468370e-08	3.224259e-06
314	3.200815e-06	4.536444e-08	3.246179e-06
315	3.222198e-06	4.604997e-08	3.268248e-06
316	3.243628e-06	4.674364e-08	3.290372e-06
317	3.265137e-06	4.744637e-08	3.312583e-06
318	3.286728e-06	4.815846e-08	3.334886e-06
319	3.308306e-06	4.890641e-08	3.357213e-06
320	3.330242e-06	4.964429e-08	3.379887e-06
321	3.352112e-06	5.038724e-08	3.402499e-06
322	3.374045e-06	5.113909e-08	3.425184e-06
323	3.396059e-06	5.190079e-08	3.447960e-06
324	3.418157e-06	5.267264e-08	3.470830e-06
325	3.440331e-06	5.345659e-08	3.493787e-06
326	3.462616e-06	5.424975e-08	3.516865e-06
327	3.484972e-06	5.505320e-08	3.540025e-06
328	3.507412e-06	5.586735e-08	3.563279e-06
329	3.529938e-06	5.669241e-08	3.586630e-06
330	3.552540e-06	5.753042e-08	3.610071e-06
331	3.575247e-06	5.838055e-08	3.633628e-06
332	3.598039e-06	5.924403e-08	3.657283e-06
333	3.620946e-06	6.011575e-08	3.681062e-06
334	3.643913e-06	6.099829e-08	3.704911e-06
335	3.666964e-06	6.189251e-08	3.728856e-06
336	3.690086e-06	6.280014e-08	3.752887e-06
337	3.713342e-06	6.371910e-08	3.777061e-06
338	3.736647e-06	6.465278e-08	3.801300e-06
339	3.760054e-06	6.560131e-08	3.825655e-06
340	3.783590e-06	6.655913e-08	3.850149e-06
341	3.807180e-06	6.752889e-08	3.874709e-06
342	3.830847e-06	6.851379e-08	3.899360e-06
343	3.854629e-06	6.951045e-08	3.924140e-06
344	3.878488e-06	7.052019e-08	3.949008e-06
345	3.902436e-06	7.154357e-08	3.973980e-06
346	3.926462e-06	7.258323e-08	3.999045e-06
347	3.950617e-06	7.363548e-08	4.024252e-06
348	3.974843e-06	7.470162e-08	4.049545e-06
349	3.999145e-06	7.578429e-08	4.074929e-06
350	4.023568e-06	7.688286e-08	4.100451e-06
351	4.048100e-06	7.799439e-08	4.126094e-06
352	4.072688e-06	7.912338e-08	4.151812e-06
353	4.097404e-06	8.026585e-08	4.177669e-06
354	4.122194e-06	8.142346e-08	4.203617e-06
355	4.147061e-06	8.259950e-08	4.229660e-06
356	4.172042e-06	8.379554e-08	4.255838e-06
357	4.197162e-06	8.500394e-08	4.282166e-06
358	4.222326e-06	8.623083e-08	4.308557e-06
359	4.247586e-06	8.747734e-08	4.335063e-06
360	4.273019e-06	8.873735e-08	4.361757e-06
361	4.298475e-06	9.001625e-08	4.388491e-06
362	4.324054e-06	9.131423e-08	4.415368e-06
363	4.349747e-06	9.262768e-08	4.442374e-06
364	4.375513e-06	9.395876e-08	4.469471e-06
365	4.401356e-06	9.531104e-08	4.496667e-06
366	4.427349e-06	9.668087e-08	4.524030e-06
367	4.453398e-06	9.807297e-08	4.551471e-06
368	4.479592e-06	9.948263e-08	4.579074e-06
369	4.505862e-06	1.009117e-07	4.606774e-06
370	4.531937e-06	1.024620e-07	4.634399e-06
371	4.558910e-06	1.039693e-07	4.662879e-06
372	4.585639e-06	1.054745e-07	4.691113e-06
373	4.612342e-06	1.069967e-07	4.719339e-06
374	4.639160e-06	1.085407e-07	4.747701e-06
375	4.666078e-06	1.101062e-07	4.776184e-06
376	4.693129e-06	1.116918e-07	4.804821e-06
377	4.720226e-06	1.133033e-07	4.833530e-06
378	4.747457e-06	1.149396e-07	4.862397e-06
379	4.774817e-06	1.166009e-07	4.891418e-06
380	4.802280e-06	1.182869e-07	4.920567e-06
381	4.829873e-06	1.199948e-07	4.949868e-06
382	4.857487e-06	1.217381e-07	4.979225e-06
383	4.885353e-06	1.235008e-07	5.008854e-06
384	4.913254e-06	1.252875e-07	5.038541e-06
385	4.941211e-06	1.271087e-07	5.068320e-06
386	4.969401e-06	1.289527e-07	5.098353e-06
387	4.997622e-06	1.308268e-07	5.128449e-06
388	5.026001e-06	1.327271e-07	5.158728e-06
389	5.054467e-06	1.346558e-07	5.189122e-06
390	5.083016e-06	1.366206e-07	5.219637e-06
391	5.111760e-06	1.386126e-07	5.250372e-06
392	5.140584e-06	1.406347e-07	5.281219e-06
393	5.169486e-06	1.426969e-07	5.312183e-06
394	5.198482e-06	1.448113e-07	5.343293e-06
395	5.227873e-06	1.469481e-07	5.374821e-06
396	5.257263e-06	1.491101e-07	5.406373e-06
397	5.286620e-06	1.513282e-07	5.437949e-06
398	5.316349e-06	1.535675e-07	5.469916e-06
399	5.346077e-06	1.558374e-07	5.501914e-06
400	5.375905e-06	1.581427e-07	5.534048e-06
